[configuration]
epsilon = 0.01
modelProbabilities = [0.2, 0.25, 0.3, 0.35, 0.4, 0.45, 0.5, 0.55, 0.6, 0.65, 0.7, 0.75, 0.8, 0.85, 0.9, 0.95, 1.0]
modelUCSLevels = [1.0, 0.9, 0.81, 0.7290000000000001, 0.6561000000000001, 0.5904900000000002, 0.5314410000000002, 0.47829690000000014]

