#
#Sun May 15 17:51:00 IDT 2016
level7=7.922816251426448E-5
level6=0.0033734022879932514
level5=0.02320956622192947
level4=0.137128294126055
level3=0.1635886568807484
level2=0.17320259889779596
level1=0.22270760845079945
level0=0.25576822152436246
