#
#Sat May 14 17:30:00 IDT 2016
level7=3.0223145490365774E-4
level6=2.417851639229262E-4
level5=0.009667509872162455
level4=0.08303236831895464
level3=0.10057593472649792
level2=0.13095292363045552
level1=0.16370623988963484
level0=0.211578460794277
