#
#Tue Apr 26 15:07:00 IDT 2016
level7=1.6835984534281202E-5
level6=0.009801724873423174
level5=0.04015960134417112
level4=0.08732988751687093
level3=0.10000000000000003
level2=0.23893303932826157
level1=0.2681361843507624
level0=0.2599035641193469
