#
#Sun May 01 19:13:56 IDT 2016
level7=0.005410368231846075
level6=0.010544021251894704
level5=0.06930885857942409
level4=0.14171911029594048
level3=0.14964234479562447
level2=0.2005163573639425
level1=0.20530305162854207
level0=0.18253621491397376
