#
#Sun May 01 22:27:00 IDT 2016
level7=0.0011346364558152463
level6=0.002764051907056686
level5=0.020273617978501527
level4=0.14211663850667686
level3=0.1431864635804087
level2=0.19695568313517678
level1=0.2076274645109726
level0=0.22543144714680638
