#
#Wed Apr 27 13:38:00 IDT 2016
level7=0.013208906816030453
level6=0.019936850907124506
level5=0.07214712017859379
level4=0.11224980834995388
level3=0.11714891399787392
level2=0.21602375307547522
level1=0.2290870818513928
level0=0.16255087736675305
