#
#Sun May 01 21:59:00 IDT 2016
level7=0.0022160868277641527
level6=0.004318831104776071
level5=0.024219899779929013
level4=0.1418491822382439
level3=0.1431864635804087
level2=0.2025758631759829
level1=0.22229545975159876
level0=0.2306204529987045
