#
#Sat May 14 14:45:00 IDT 2016
level7=0.0011529215046068484
level6=0.0011529215046068484
level5=3.534611253419139E-4
level4=0.21831816312604424
level3=0.19140238419524425
level2=0.2358695505676394
level1=0.23590821338641038
level0=0.23876329546882857
