#
#Fri Apr 29 13:20:00 IDT 2016
level7=0.010567125452824363
level6=0.02059379150760684
level5=0.06584524001121268
level4=0.12339087542822905
level3=0.1259266269158572
level2=0.20636506751550332
level1=0.21850311156897517
level0=0.16970533955119166
