#
#Sat May 07 13:44:00 IDT 2016
level7=9.077091646521971E-4
level6=0.002211241525645349
level5=0.016218894382801222
level4=0.14233060352142324
level3=0.1431864635804087
level2=0.20265083593750272
level1=0.21075041301581776
level0=0.2248333916667979
