#
#Sun May 15 09:27:12 IDT 2016
level7=1.547425049106728E-4
level6=0.005270941074989455
level5=0.03626494722176479
level4=0.1472850974447448
level3=0.10107260287670776
level2=0.13095292363045552
level1=0.18883318592823278
level0=0.251578460794277
