#
#Wed May 11 19:01:41 IDT 2016
level7=0.0007493126364309605
level6=6.224091569326605E-5
level5=0.02452629247903193
level4=0.16996909386841158
level3=0.1856185215578684
level2=0.19374120095065026
level1=0.19341723670168479
level0=0.19503856253325935
