#
#Sun May 15 09:44:32 IDT 2016
level7=9.903520314283059E-5
level6=0.004216752859991564
level5=0.029011957777411834
level4=0.14016981142668788
level3=0.13567447479045758
level2=0.1533119304263409
level1=0.21264343302748195
level0=0.25491600285088417
