#
#Mon Apr 25 14:08:37 IDT 2016
level7=2.10449806678515E-5
level6=0.012252156091778967
level5=0.037699501680213895
level4=0.08416235939608865
level3=0.10000000000000002
level2=0.23359761131752788
level1=0.27054616159654843
level0=0.26027475137119627
