#
#Thu Apr 21 22:24:00 IDT 2016
level7=8.028023020878408E-5
level6=8.028023020878408E-5
level5=0.011440840690626355
level4=0.03958419569430777
level3=0.10000000000000002
level2=0.19000000000000003
level1=0.2847286009877051
level0=0.27979115667684246
