level7=4.785074604081157E-4
level6=4.785074604081157E-4
level5=0.0014355223812243469
level4=0.026388279066624023
level3=0.5
level2=0.5
level1=0.5505851322479276
level0=0.5240895269635202